# This file may be used to create an environment using:
# $ conda create --name <env> --file <this file>
# platform: win-64
alembic=1.8.0=pyhd8ed1ab_0
anyio=3.6.1=py310h5588dad_0
argon2-cffi=21.3.0=pyhd8ed1ab_0
argon2-cffi-bindings=21.2.0=py310he2412df_2
asgiref=3.5.2=pyhd8ed1ab_0
autopep8=1.6.0=pyhd3eb1b0_1
bcrypt=3.2.2=py310he2412df_0
bzip2=1.0.8=h8ffe710_4
ca-certificates=2022.6.15=h5b45459_0
cffi=1.15.0=py310hcbf9ad4_0
click=8.1.3=py310h5588dad_0
colorama=0.4.4=pyh9f0ad1d_0
cryptography=37.0.1=py310h21b164f_0
dnspython=1.16.0=py310haa95532_0
ecdsa=0.17.0=pyhd8ed1ab_0
email-validator=1.1.3=pyhd3eb1b0_0
fastapi=0.78.0=pyhd8ed1ab_0
flit-core=3.7.1=pyhd8ed1ab_0
greenlet=1.1.1=py310hd77b12b_0
h11=0.13.0=pyhd8ed1ab_1
idna=3.3=pyhd8ed1ab_0
importlib-metadata=4.11.4=py310h5588dad_0
importlib_resources=5.8.0=pyhd8ed1ab_0
krb5=1.19.3=hc8ab02b_0
libffi=3.4.2=h8ffe710_5
libpq=14.3=h1ea2d34_0
libzlib=1.2.12=h8ffe710_0
mako=1.2.1=pyhd8ed1ab_0
markupsafe=2.1.1=py310he2412df_1
openssl=3.0.4=h8ffe710_2
passlib=1.7.4=pyh9f0ad1d_0
pip=22.1.1=pyhd8ed1ab_0
psycopg2=2.9.3=py310h1cf396f_0
pyasn1=0.4.8=py_0
pycodestyle=2.8.0=pyhd3eb1b0_0
pycparser=2.21=pyhd8ed1ab_0
pydantic=1.9.1=py310he2412df_0
python=3.10.4=hcf16a7b_0_cpython
python-dotenv=0.20.0=pypi_0
python-jose=3.3.0=pyh6c4a22f_1
python-multipart=0.0.5=py_0
python_abi=3.10=2_cp310
rsa=4.8=pyhd8ed1ab_0
setuptools=62.3.2=py310h5588dad_0
six=1.16.0=pyh6c4a22f_0
sniffio=1.2.0=py310h5588dad_3
sqlalchemy=1.4.32=py310h2bbff1b_0
sqlite=3.38.5=h8ffe710_0
starlette=0.19.1=pyhd8ed1ab_0
tk=8.6.12=h8ffe710_0
toml=0.10.2=pyhd3eb1b0_0
typing-extensions=4.2.0=hd8ed1ab_1
typing_extensions=4.2.0=pyha770c72_1
tzdata=2022a=h191b570_0
ucrt=10.0.20348.0=h57928b3_0
uvicorn=0.17.6=py310h5588dad_1
vc=14.2=hb210afc_6
vs2015_runtime=14.29.30037=h902a5da_6
wheel=0.37.1=pyhd8ed1ab_0
xz=5.2.5=h62dcd97_1
zipp=3.8.0=pyhd8ed1ab_0
